3334
3356
3342
3339
3344
3336
3335
3343
3347
3337
3326
3323
3335
3337
3337
3340
3330
3327
3335
3336
3343
3345
3326
3336
3315
3344
3343
3341
3336
3328
3336
3318
3318
3333
3328
3342
3327
3340
3338
3329
3323
3328
3333
3337
3331
3331
3333
3341
3339
3343
3331
3347
3354
3336
3336
3340
3343
3356
3347
3347
3350
3350
3347
3340
3342
3352
3334
3352
3345
3351
3363
3349
3355
3376
3372
3377
3367
3379
3376
3379
3376
3377
3371
3375
3379
3375
3383
3384
3384
3383
3379
3391
3369
3376
3380
3379
3382
3375
3387
3383
3383
3391
3391
3400
3392
3369
3376
3379
3391
3393
3399
3398
3391
3389
3375
3405
3396
3402
3383
3398
3399
3396
3395
3398
3398
3395
3403
3399
3400
3400
3407
3407
3412
3400
3406
3415
3415
3408
3400
3400
3406
3399
3399
3389
3408
3393
3388
3412
3407
3388
3403
3403
3391
3412
3400
3392
3376
3395
3387
3392
3377
3367
3384
3388
3384
3367
3382
3369
3384
3379
3376
3372
3376
3371
3360
3367
3377
3372
3360
3375
3375
3372
3376
3358
3359
3376
3348
3366
3367
3357
3361
3364
3352
3366
3356
3375
3376
3353
3363
3373
3370
3367
3376
3367
3362
3353
3363
3363
3368
3363
3365
3366
3363
3371
3379
3372
3378
3356
3362
3365
3364
3368
3372
3364
3360
3370
3372
3372
3375
3364
3364
3369
3366
3372
3377
3383
3383
3372
3386
3372
3379
3391
3384
3369
3379
3380
3399
3371
3376
3390
3367
3366
3372
3369
3375
3375
3372
3373
3360
3366
3374
3372
3368
3372
3380
3381
3373
3368
3368
3385
3384
3392
3387
3385
3369
3383
3371
3390
3394
3393
3385
3376
3383
3387
3384
3379
3382
3368
3379
3373
3366
3376
3379
3379
3376
3383
3373
3379
3372
3377
3379
3363
3376
3363
3376
3379
3372
3382
3375
3380
3374
3372
3381
3383
3386
3360
3375
3383
3392
3379
3375
3375
3373
3366
3382
3381
3381
3379
3376
3366
3376
3376
3391
3385
3386
3383
3377
3391
3387
3380
3378
3384
3387
3392
3395
3392
3385
3392
3392
3371
3379
3396
3390
3382
3392
3386
3387
3395
3398
3385
3382
3396
3392
3386
3390
3396
3387
3392
3375
3382
3389
3395
3392
3391
3387
3388
3387
3389
3390
3395
3403
3384
3395
3379
3391
3380
3390
3387
3397
3400
3384
3384
3385
3383
3392
3395
3400
3395
3400
3395
3379
3384
3384
3393
3402
3392
3398
3398
3399
3392
3402
3395
3392
3382
3402
3401
3398
3392
3390
3392
3411
3401
3425
3406
3422
3404
3398
3398
3403
3407
3416
3416
3392
3420
3409
3391
3416
3401
3398
3414
3406
3395
3399
3405
3396
3392
3388
3377
3372
3397
3403
3365
3360
3359
3384
3379
3372
3385
3376
3382
3383
3367
3382
3373
3371
3384
3360
3372
3372
3382
3372
3372
3376
3362
3373
3389
3367
3379
3371
3362
3379
3363
3359
3350
3375
3363
3353
3359
3367
3353
3355
3368
3359
3352
3360
3358
3366
3349
3350
3358
