3388
3358
3287
3333
3391
3406
3479
3411
3342
3376
3312
3359
3344
3285
3327
3320
3355
3322
3372
3320
3313
3319
3357
3400
3339
3268
3332
3352
3324
3332
3296
3351
3365
3372
3374
3391
3339
3280
3333
3355
3375
3350
3287
3352
3401
3404
3308
3315
3377
3431
3472
3406
3341
3323
3302
3283
3291
3298
3355
3367
3404
3465
3389
3361
3264
3320
3303
3338
3407
3304
3231
3264
3375
3372
3378
3324
3315
3279
3310
3340
3371
3396
3359
3423
3411
3409
3344
3302
3436
3293
3389
3372
3395
3332
3399
3352
3311
3332
3355
3403
3366
3368
3372
3240
3291
3315
3427
3325
3259
3327
3366
3358
3342
3252
3360
3333
3491
3352
3392
3319
3297
3320
3388
3369
3356
3384
3319
3399
3355
3388
3463
3336
3355
3327
3316
3272
3279
3402
3411
3432
3336
3383
3350
3383
3332
3368
3374
3284
3275
3359
3290
3344
3256
3327
3307
3377
3415
3427
3278
3350
3394
3416
3353
3324
3288
3383
3431
3433
3351
3316
3310
3311
3351
3373
3331
3340
3285
3296
3388
3345
3331
3274
3366
3367
3350
3374
3347
3382
3382
3397
3303
3347
3389
3356
3412
3315
3249
3327
3500
3481
3436
3313
3395
3295
3350
3309
3255
3304
3394
3339
3325
3383
3379
3424
3281
3292
3342
3400
3425
3331
3352
3355
3356
3324
3337
3304
3359
3394
3446
3436
3425
3376
3316
3307
3304
3283
3371
3372
3308
3286
3310
3295
3368
3254
3334
3336
3375
3239
3303
3324
3357
3306
3308
3388
3512
3376
3353
3271
3268
3297
3360
3443
3332
3305
3288
3296
3340
3298
3352
3348
3343
3408
3305
3323
3342
3404
3351
3331
3280
3321
3355
3322
3266
3340
3349
3352
3344
3404
3436
3425
3324
3271
3337
3390
3375
3266
3351
3440
3424
3372
3331
3320
3318
3286
3363
3356
3356
3310
3389
3496
3451
3411
3284
3270
3319
3385
3396
3326
3363
3320
3270
3345
3355
3373
3320
3328
3354
3391
3364
3376
3247
3417
3439
3527
3336
3296
3321
3328
3432
3406
3408
3374
3386
3337
3276
3286
3340
3320
3261
3371
3358
3343
3395
3376
3365
3294
3279
3268
3228
3294
3460
3300
3404
3324
3454
3378
3463
3408
3426
3316
3353
3309
3324
3303
3302
3402
3359
3335
3348
3355
3367
3404
3366
3368
3332
3399
3344
3280
3295
3318
3322
3303
3355
3425
3423
3347
3276
3289
3328
3321
3288
3363
3342
3364
3287
3387
3368
3412
3291
3283
3298
3328
3299
3356
3355
3263
3263
3355
3337
3367
3291
3357
3380
3380
3254
3260
3332
3351
3491
3363
3335
3287
3327
3337
3321
3312
3408
3424
3422
3355
3321
3363
3363
3310
3357
3316
3350
3293
3310
3320
3255
3349
3278
3380
3323
3368
3390
3332
3318
3420
3440
3424
3336
3354
3391
3319
3385
3275
3432
3367
3407
3357
3361
3369
3352
3375
3236
3331
3341
3483
3352
3324
3318
3369
3455
3401
3328
3312
3360
3375
3336
3312
3315
3296
3358
3443
3495
3443
3296
3235
