3365
3304
3262
3176
3235
3240
3347
3240
3304
3249
3219
3236
3248
3136
3266
3255
3155
3136
3200
3212
3263
3264
3316
3183
3273
3219
3247
3256
3271
3216
3190
3238
3256
3395
3404
3296
3225
3146
3335
3395
3232
3318
3215
3243
3206
3162
3174
3246
3155
3140
3333
3260
3299
3270
3193
3284
3236
3274
3151
3239
3264
3305
3250
3327
3221
3236
3200
3310
3220
3212
3223
3285
3242
3352
3229
3252
3299
3347
3325
3119
3291
3299
3369
3222
3218
3196
3239
3270
3260
3284
3219
3212
3230
3211
3312
3352
3319
3248
3233
3180
3249
3271
3244
3204
3196
3235
3283
3228
3273
3412
3466
3300
3392
3356
3264
3104
3094
3168
3320
3335
3323
3248
3146
3201
3260
3367
3251
3304
3280
3322
3246
3175
3183
3267
3427
3347
3311
3120
3199
3222
3401
3270
3294
3264
3217
3176
3223
3239
3144
3228
3227
3344
3358
3350
3334
3243
3102
3168
3167
3392
3273
3335
3275
3264
3224
3335
3347
3260
3258
3264
3118
3217
3335
3168
3304
3193
3184
3219
3270
3134
3234
3239
3215
3279
3224
3292
3207
3251
3292
3240
3279
3266
3203
3094
3297
3393
3388
3284
3235
3279
3249
3340
3323
3320
3266
3231
3165
3228
3220
3224
3238
3169
3231
3144
3200
3228
3278
3276
3261
3211
3284
3214
3254
3320
3130
3155
3203
3338
3311
3189
3256
3154
3208
3320
3366
3192
3255
3267
3388
3272
3227
3180
3163
3279
3360
3213
3170
3244
3303
3344
3292
3264
3273
3305
3278
3248
3187
3294
3382
3376
3291
3147
3281
3248
3243
3280
3254
3224
3132
3266
3366
3432
3401
3201
3128
3210
3291
3328
3155
3253
3201
3199
3164
3180
3213
3256
3160
3228
3231
3260
3317
3218
3160
3293
3211
3264
3252
3388
3310
3392
3304
3223
3263
3227
3206
3278
3272
3305
3290
3177
3151
3316
3424
3355
3128
3168
3247
3329
3171
3145
3091
3179
3292
3300
3258
3242
3272
3224
3249
3215
3292
3223
3280
3271
3368
3420
3328
3148
3135
3212
3307
3233
3255
3213
3201
3296
3299
3233
3200
3241
3300
3267
3295
3295
3283
3263
3289
3207
3304
3260
3384
3171
3325
3160
3265
3268
3218
3202
3219
3260
3308
3260
3273
3128
3203
3224
3267
3225
3157
3160
3046
3148
3244
3276
3297
3235
3257
3340
3323
3302
3350
3216
3252
3231
3371
3349
3197
3152
3265
3307
3275
3232
3255
3272
3167
3181
3251
3446
3146
3251
3278
3311
3247
3223
3170
3255
3220
3283
3256
3302
3283
3223
3298
3226
3179
3270
3254
3160
3265
3267
3407
3240
3237
3270
3320
3249
3203
3251
3257
3367
3204
3257
3212
3287
3334
3313
3233
3277
3263
3231
3232
3123
3175
3244
3223
3316
3292
3334
3249
3359
3228
3302
3280
3258
3192
3205
3336
3272
3250
3172
3295
3240
3262
3303
3171
3308
3304
3340
3242
3264
3282
3295
3200
3214
3192
3297
3276
3375
3259
3146
3128
3127
3362
3135
3177
3202
3233
3248
3320
3161
