3047
2959
2886
2944
3038
2836
2978
2779
3106
3047
2909
2866
2867
2948
2938
2855
2834
2918
2992
3168
2991
2861
2897
2927
2925
2783
2944
2902
3007
2948
2763
2812
2943
2892
2999
2919
2916
2900
2687
2929
2881
3096
3116
3196
3029
2854
2866
2973
2977
3071
3012
2976
2895
2868
2982
2878
2981
2912
3024
2960
2902
2797
2744
2846
2984
3023
3076
3010
2677
2883
3040
3002
2959
2908
2970
2985
2924
2983
2957
3016
2959
2977
2828
2846
2942
2868
2931
2899
2852
2965
2929
2857
3106
3032
2920
2842
2901
2796
2796
3072
2780
2768
2807
2967
3072
3021
3036
2943
2975
2961
2899
2995
3062
3055
2771
2924
2967
2928
2817
2901
2882
3023
2976
3017
2959
2840
2871
2872
2871
2968
2994
2972
3020
3047
2860
3003
3048
3089
3016
2751
2928
2900
2781
2907
2999
2936
2926
2904
2968
2847
3019
2958
2939
2983
3015
3020
3037
3052
2907
3049
3062
3104
3089
3103
2807
2759
2804
2932
3003
2992
3022
3081
3001
2960
2912
2954
2980
3043
3070
2952
2831
2810
2964
2911
2846
3104
2993
3105
2904
2882
2927
2873
2999
2923
2971
2868
2870
2892
2867
3065
2977
2940
2943
2851
2938
3064
2832
2988
3168
3025
2967
2830
2831
3070
3075
3075
3037
3152
3012
3000
2871
2937
2972
3030
2878
2937
3000
2948
3050
2895
2875
3050
3161
2973
2978
2855
2936
2945
2973
3044
3000
3060
3046
3127
3212
2916
2967
2959
3069
2972
3056
3015
2995
3009
2993
3063
3061
2929
3083
3241
3063
3107
2951
2877
2830
2905
2926
3025
3024
2926
2904
2911
2998
2984
2851
2880
2836
2927
2820
2832
2843
2971
2995
2873
2943
2854
3075
2841
2992
3010
3088
3098
3055
3056
2868
3031
2895
2930
2822
2855
2872
2999
2987
3152
2812
2871
2984
2890
2960
2904
2975
2959
2923
2928
3012
2899
3027
2887
2972
2991
3006
2993
2856
3054
2913
2840
3037
2952
2867
2982
2913
2923
2840
2855
3049
2995
2928
2854
2968
2830
2917
2831
2916
2860
2961
2787
2971
2779
2804
2953
2926
3027
2968
2995
3059
2966
2828
3072
3020
2958
2907
2923
2816
2816
3032
2989
2983
2866
2980
3005
2880
2790
2983
2920
2883
2916
2804
2912
2936
2948
2959
2958
2932
2979
3067
2889
2934
2716
2909
3043
3036
2907
2997
2971
2981
3075
2906
2932
3064
2876
2805
3079
2995
2868
2943
2841
2823
2869
2882
3023
2907
2841
3041
3032
3043
2988
2985
2985
2915
2849
2865
3007
3079
2902
2899
2996
2884
3001
2899
2646
2778
2808
2939
2687
2879
2956
2964
2896
2980
2964
2971
2909
2889
2841
2880
3144
3022
3017
2949
2844
2945
3055
3215
2998
2885
2758
2824
2846
2980
2864
2924
3097
2971
2980
2904
2987
2966
2919
2901
3001
2974
3063
3158
3030
2967
2868
2903
2979
2928
2972
2958
2993
3091
3078
3011
3048
2788
3059
3014
2924
2892
2914
2901
3054
2860
2961
3075
3046
2919
2989
