2510
2419
2412
2276
2449
2579
2643
2590
2287
2480
2667
2654
2752
2449
2510
2548
2361
2626
2544
2382
2615
2506
2517
2339
2540
2512
2496
2631
2438
2443
2527
2426
2679
2507
2584
2660
2670
2859
2740
2523
2646
2431
2509
2706
2595
2650
2601
2420
2459
2428
2449
2463
2518
2422
2412
2577
2584
2639
2645
2503
2552
2583
2636
2551
2559
2567
2496
2665
2492
2485
2547
2476
2487
2569
2513
2822
2596
2507
2406
2659
2464
2414
2665
2576
2807
2726
2382
2644
2575
2747
2724
2529
2431
2588
2624
2604
2544
2716
2747
2550
2673
2502
2617
2535
2524
2435
2532
2603
2524
2582
2569
2601
2620
2508
2650
2579
2325
2574
2494
2465
2727
2456
2477
2685
2615
2585
2711
2506
2556
2400
2638
2587
2535
2559
2625
2497
2350
2595
2532
2456
2513
2463
2585
2604
2584
2668
2465
2572
2383
2502
2600
2545
2519
2571
2595
2600
2492
2507
2461
2755
2476
2510
2631
2422
2467
2291
2560
2727
2503
2422
2548
2567
2748
2751
2491
2483
2333
2622
2560
2535
2568
2478
2531
2636
2704
2520
2528
2495
2664
2529
2613
2664
2318
2561
2608
2497
2670
2552
2604
2636
2660
2515
2496
2556
2632
2471
2416
2496
2532
2763
2460
2787
2667
2551
2606
2613
2565
2532
2580
2685
2615
2598
2668
2625
2581
2567
2560
2640
2631
2432
2548
2625
2767
2619
2658
2721
2615
2648
2623
2757
2464
2441
2478
2391
2519
2563
2575
2392
2556
2588
2544
2383
2688
2617
2650
2624
2402
2603
2357
2467
2485
2540
2484
2540
2660
2598
2646
2578
2633
2615
2664
2537
2409
2501
2648
2512
2499
2752
2687
2484
2551
2803
2728
2770
2819
2734
2690
2841
2761
2743
2703
2800
2795
2890
2759
2879
2702
2888
2737
2809
2703
2668
2779
2824
2913
2895
2820
2845
2856
2691
2844
2736
2595
3010
2814
2913
2694
2880
2761
2919
2871
2761
2644
2796
2776
2776
2754
2759
2723
2624
2646
2828
2655
2873
2789
2899
2739
2704
2616
2887
2684
2851
2692
2867
2775
2904
2928
2763
2832
2792
2669
2811
2554
2530
2520
2544
2587
2628
2560
2582
2548
2542
2543
2642
2388
2360
2444
2392
2400
2570
2586
2451
2400
2404
2505
2348
2435
2214
2459
2530
2340
2316
2429
2420
2313
2268
2289
2319
2218
2501
2358
2532
2348
2454
2453
2384
2335
2396
2339
2324
2497
2481
2448
2423
2123
2201
2211
2311
2076
2108
1989
2120
2200
2229
2190
2153
2100
2263
2235
2313
2255
2206
2350
2444
2419
2320
2080
2359
2249
2212
2220
2220
2410
2383
2414
2229
2440
2311
2132
2240
2293
1941
2245
2198
2251
2123
2389
2295
2007
2036
2115
2200
2201
2287
2275
2438
2173
1959
2367
2062
2098
2083
2227
2145
2296
2328
2428
2390
2297
2036
2387
2175
2249
2213
2131
2360
2368
2191
2240
2335
2423
2199
2073
2223
2283
2404
2105
2177
2204
2241
2136
2488
2159
2188
2288
2119
2216
2275
2140
2339
