2096
2153
2247
2353
2357
2123
2258
2252
2222
2266
2361
2295
2262
2204
1968
2024
2248
2054
2076
2215
2275
2153
2219
2092
2179
1960
2232
2297
2211
2183
2289
2247
2255
2205
2145
2316
2212
2272
2157
2159
2290
2157
2336
2228
2297
2299
2372
2149
2291
2166
2100
1920
2075
2183
2183
2299
2447
2018
2041
2096
2179
2268
2260
2220
2279
2046
2335
2303
2255
2238
2359
2334
2213
2283
2317
2367
2291
2212
2151
2342
2302
2268
2138
2163
2170
2042
2201
2300
2126
2131
2254
2257
2320
2260
2236
2204
2302
2317
2246
2304
2240
2258
2265
2386
2421
2310
2255
2284
2054
2080
2195
2098
2199
2246
2207
2352
2229
2267
2232
1991
2080
2285
2273
2176
2055
2264
2247
2361
2202
2125
2244
2286
2113
2102
2361
2128
2404
2133
2244
2135
2351
2112
2151
2344
2085
2198
2189
2272
2196
2120
2262
2012
2182
2319
2040
2289
2000
2210
2136
2229
2408
2291
2233
2251
2125
2251
2287
2147
2019
2250
2219
2286
2086
2311
2272
2446
2042
2183
2142
2234
2153
2071
2227
2169
2345
2346
2177
2041
2205
2347
2363
2312
2320
2151
2285
2091
2099
2358
2184
2273
2276
2115
2055
2175
2464
2129
2194
2307
2258
2217
2388
2349
2503
2175
2375
2111
2102
1992
1984
2208
2393
2252
1973
1960
2200
2237
2284
2034
2303
2295
2148
2123
2290
2232
2339
2052
2442
2225
2146
2256
2169
2058
2332
2277
2235
2094
2180
1936
2176
2322
2432
2379
2038
2051
2076
2085
2340
2234
2353
2404
2144
2297
2337
2231
2430
2272
2321
2556
2292
2264
2240
2096
2203
2079
2082
2391
2215
2149
2219
2089
2367
2227
2235
2109
2270
2188
2156
2193
2241
2121
2229
2244
2256
2190
2175
2393
2518
2321
2183
2388
2353
2292
2515
2247
2292
2225
2191
2200
2223
2102
2193
2237
2215
2235
2130
2311
2184
2116
2337
2117
2021
2160
1988
1894
2211
2201
2280
2276
2384
2244
2183
2348
2429
2147
2323
2351
2172
2189
2091
2116
2191
2352
2341
2313
2216
2328
2310
2296
2217
2300
2179
2154
2234
2229
2048
2100
2007
2127
2161
2167
2174
2072
2281
2179
1991
2195
2195
2265
2254
2376
2392
2265
2305
2293
2319
2315
2414
2191
2273
2277
2169
2279
2237
2159
1970
2218
2287
2178
2112
2119
2116
2172
2232
2096
2116
2118
2333
2066
2457
2559
2363
2244
2179
2067
1917
2219
2035
2211
2352
2388
2310
2260
2327
2361
2181
2148
2182
2099
2232
2185
2184
2279
2320
2222
2295
2172
2232
2240
2316
2358
2349
2120
2408
2092
2139
1964
2302
2359
2167
2337
2095
2370
2175
2174
2293
2229
2371
2324
2357
2269
2214
2208
2091
2204
2360
2250
2327
2227
2103
2116
2090
2228
2272
2168
2230
2075
2136
2250
2308
1999
2008
2300
2293
2319
2225
2271
2200
2127
2105
2079
2296
2229
2159
2201
2195
2079
2367
2121
2380
2307
2313
2227
2088
2080
2243
2304
2283
2200
2283
2223
