3389
3395
3401
3379
3383
3388
3386
3391
3400
3391
3391
3399
3400
3399
3406
3400
3391
3399
3396
3386
3395
3411
3414
3406
3409
3403
3400
3398
3403
3399
3399
3413
3405
3407
3398
3406
3396
3400
3395
3407
3400
3403
3405
3403
3415
3400
3415
3407
3391
3399
3409
3415
3392
3407
3404
3384
3406
3408
3416
3404
3416
3416
3403
3419
3414
3422
3422
3411
3425
3411
3427
3427
3426
3427
3423
3436
3423
3429
3437
3436
3432
3432
3431
3435
3417
3433
3435
3431
3428
3432
3439
3445
3440
3436
3428
3452
3441
3440
3443
3452
3446
3451
3453
3442
3450
3443
3447
3452
3439
3448
3460
3456
3441
3459
3456
3467
3456
3460
3463
3437
3461
3467
3441
3462
3461
3463
3456
3469
3462
3463
3465
3464
3466
3462
3456
3467
3453
3472
3448
3446
3469
3456
3456
3447
3457
3453
3459
3443
3449
3463
3470
3462
3444
3462
3449
3447
3448
3458
3453
3462
3455
3446
3443
3441
3435
3448
3440
3427
3438
3434
3424
3440
3431
3448
3452
3425
3436
3419
3439
3424
3430
3419
3412
3422
3427
3426
3413
3412
3422
3411
3405
3427
3416
3410
3430
3427
3403
3401
3400
3414
3414
3396
3396
3393
3392
3400
3399
3407
3388
3393
3388
3393
3404
3384
3391
3393
3381
3376
3376
3371
3367
3368
3363
3369
3359
3359
3368
3369
3367
3361
3364
3357
3359
3356
3359
3346
3354
3364
3352
3352
3366
3358
3350
3337
3356
3336
3356
3350
3353
3352
3347
3344
3353
3343
3352
3352
3361
3358
3364
3332
3347
3360
3332
3349
3348
3343
3340
3347
3327
3341
3346
3345
3351
3344
3347
3351
3335
3333
3324
3346
3329
3337
3347
3340
3334
3327
3344
3328
3327
3340
3338
3344
3335
3336
3326
3342
3342
3346
3334
3342
3344
3345
3332
3332
3351
3335
3334
3343
3346
3339
3352
3332
3345
3348
3351
3343
3345
3326
3337
3344
3347
3327
3347
3337
3324
3341
3327
3318
3335
3340
3339
3340
3335
3334
3340
3327
3346
3339
3347
3347
3336
3327
3347
3317
3340
3335
3336
3320
3320
3321
3332
3342
3337
3327
3335
3336
3327
3330
3342
3329
3344
3319
3331
3335
3334
3332
3339
3343
3334
3340
3344
3321
3337
3343
3343
3347
3347
3343
3352
3348
3342
3353
3352
3343
3357
3352
3345
3360
3345
3353
3343
3342
3348
3329
3361
3342
3355
3355
3358
3357
3365
3360
3359
3355
3361
3369
3376
3367
3360
3369
3374
3372
3367
3368
3366
3374
3372
3376
3371
3365
3374
3372
3382
3376
3373
3372
3379
3372
3374
3382
3383
3372
3379
3385
3382
3385
3366
3382
3374
3390
3388
3377
3384
3388
3390
3381
3372
3385
3385
3383
3376
3379
3379
3383
3377
3387
3383
3380
3367
3366
3374
3360
3383
3369
3368
3376
3369
3372
3367
3381
3373
3376
3374
3372
3385
3376
3361
3371
3367
3372
3374
3374
3368
3368
3350
3363
3364
3353
3353
3364
3347
3353
3344
3350
3355
3353
3355
3347
3355
3367
