1068
1066
1064
1068
1074
1071
1056
1061
1061
1055
1061
1052
1053
1059
1059
1060
1056
1054
1056
1048
1055
1061
1060
1069
1057
1055
1060
1048
1055
1046
1052
1061
1051
1050
1055
1055
1060
1062
1062
1070
1059
1063
1064
1055
1054
1059
1052
1065
1065
1063
1057
1065
1066
1067
1059
1065
1065
1057
1060
1054
1056
1063
1060
1059
1057
1052
1061
1059
1067
1052
1064
1065
1067
1075
1062
1067
1072
1068
1062
1072
1072
1068
1071
1074
1071
1068
1071
1059
1066
1059
1070
1068
1067
1061
1067
1068
1067
1070
1063
1077
1066
1063
1065
1071
1070
1066
1054
1067
1063
1067
1056
1068
1054
1070
1064
1071
1060
1066
1059
1054
1062
1063
1062
1054
1065
1067
1058
1062
1059
1056
1066
1056
1057
1061
1048
1065
1067
1063
1066
1065
1066
1068
1058
1050
1060
1064
1055
1057
1063
1064
1051
1056
1059
1052
1050
1048
1044
1047
1039
1045
1038
1033
1039
1041
1045
1041
1043
1048
1044
1043
1047
1052
1041
1050
1043
1054
1048
1052
1047
1052
1045
1043
1048
1050
1050
1054
1058
1047
1058
1054
1057
1056
1055
1043
1052
1053
1060
1052
1060
1052
1060
1061
1048
1056
1051
1055
1046
1059
1059
1056
1064
1059
1068
1070
1064
1063
1064
1070
1065
1068
1069
1069
1073
1070
1060
1064
1071
1056
1063
1059
1053
1058
1063
1055
1055
1061
1059
1058
1065
1068
1070
1062
1059
1055
1051
1063
1056
1064
1060
1055
1054
1061
1064
1048
1059
1056
1058
1050
1051
1046
1056
1053
1048
1054
1049
1053
1052
1045
1052
1050
1055
1055
1056
1044
1050
1055
1052
1056
1049
1060
1055
1057
1060
1059
1055
1057
1060
1056
1049
1054
1054
1051
1060
1054
1052
1063
1061
1049
1048
1050
1054
1046
1049
1051
1052
1045
1052
1052
1050
1037
1054
1048
1051
1049
1048
1055
1047
1052
1049
1048
1049
1057
1056
1056
1056
1043
1055
1049
1052
1054
1052
1064
1059
1056
1060
1064
1063
1052
1057
1047
1044
1052
1056
1048
1054
1056
1051
1052
1054
1054
1055
1062
1053
1058
1062
1054
1060
1056
1067
1066
1056
1063
1059
1051
1060
1055
1069
1064
1063
1064
1052
1059
1052
1048
1056
1049
1050
1057
1067
1057
1052
1067
1060
1061
1059
1062
1070
1066
1061
1070
1063
1076
1065
1068
1067
1068
1068
1059
1064
1059
1064
1064
1064
1051
1060
1053
1058
1063
1062
1061
1058
1062
1060
1060
1055
1052
1058
1064
1062
1064
1063
1065
1058
1057
1052
1060
1071
1064
1070
1063
1051
1063
1060
1050
1051
1055
1050
1046
1046
1053
1048
1038
1045
1048
1042
1048
1042
1044
1050
1043
1048
1049
1059
1048
1059
1057
1056
1056
1069
1061
1054
1054
1065
1055
1059
1072
1058
1070
1067
1066
1067
1071
1063
1067
1070
1054
1061
1063
1061
1067
1061
1065
1070
1070
1076
1073
1068
1067
1069
1070
1075
1073
1067
1059
1069
1062
1068
1073
1063
1071
