1921
1991
2044
1892
1883
2110
1772
1850
1796
1827
1933
1975
1992
1828
1794
1952
2011
2115
1860
1863
1920
1887
1924
1932
2071
1792
2108
2028
1823
2034
2007
1984
1931
1932
1836
1984
1935
1837
1708
1901
1727
1900
2017
2051
1926
1888
2011
1868
2111
1872
1992
1886
2096
2071
1980
1919
2137
2043
1785
1935
2134
1944
1943
1778
1693
2097
2040
1960
1969
1829
2018
2110
1820
1880
1869
1817
1941
1962
1699
1771
1920
1887
1943
2048
1994
1929
1952
2013
1986
1944
2044
1931
1971
1904
1884
2137
2003
2042
1884
1810
1861
2047
1799
2088
2049
1897
1963
1940
2004
2175
1919
1899
1791
1943
2071
1982
2207
1942
1769
1975
1816
1740
2019
2104
1888
1814
1888
1946
1944
1996
1833
1988
1882
1910
1856
2019
1976
1968
2028
1893
1926
1969
1920
1966
1843
1888
2125
2020
2184
1910
1831
2097
1792
2028
2089
1993
1909
2071
1883
1785
2134
2101
2043
2084
2147
1765
1836
1936
1958
1953
1926
1996
1832
2027
1815
1915
2054
1886
1955
1631
1894
1808
1839
2012
2019
2090
1964
1837
2088
1800
1682
1967
1992
1879
1816
1848
1899
1968
1959
1996
1912
1980
1936
1875
1998
1958
2121
1974
1961
2006
1964
1899
1863
1838
1828
1907
1836
1764
2103
2039
2037
1863
1865
1912
2020
1987
1961
1827
1890
1781
1914
1875
1859
1859
1958
1865
2049
2128
2006
1798
1789
1952
2035
1959
1828
1888
1925
1872
1817
1960
1807
1936
1827
1868
1879
1902
1916
1990
1635
1873
1927
1840
1920
2164
1920
1852
1869
1916
1855
1730
1912
2098
1968
1893
2012
2011
1852
1956
1832
1902
2049
1991
1728
2023
1876
1750
1755
2004
1763
1770
1774
1773
1835
1854
1987
1833
1990
1683
1856
1804
1856
1977
1994
2009
1955
1905
1934
2051
1774
1740
1892
2052
2098
2062
1792
1817
1950
1790
1980
1879
2008
1943
1795
1897
1940
1987
1815
1953
1972
2054
1881
2001
2243
1881
1908
1955
2056
2158
1919
1814
1807
1806
1815
1646
1886
2063
1953
2049
1923
1776
1798
1912
1694
1931
1907
1690
1812
1905
1827
1992
2057
2040
1792
1892
1744
1870
1757
1660
1894
2008
2142
1987
1799
1866
1908
1883
1895
1832
1737
1728
1781
1723
1987
1952
2009
1692
1903
1787
1928
1918
2032
1871
2008
2048
1936
1879
2108
2038
1935
1891
1854
2036
1989
2012
1772
2039
1791
1836
1883
2009
1976
1782
1853
1916
1901
1735
1765
2064
1869
1825
1940
1876
1987
2119
1932
2130
1827
1956
1806
1926
1979
2176
1865
1936
1968
2164
1895
2075
1796
1996
1959
2004
2020
1921
1976
1941
1971
1920
1928
1942
1864
1951
1926
1671
1793
1841
1794
1795
1775
2049
2113
1862
1996
2108
1984
1808
1891
1808
1898
1732
1752
1908
1833
1708
2103
1831
1959
1961
1752
1758
1740
1744
2096
2127
2032
1801
1932
1912
1980
1947
1891
1647
2055
1891
1983
1871
1844
1971
2190
2023
