1904
1688
1803
1967
1855
1795
1905
1822
1650
1937
2008
1827
1763
1708
1816
1823
1825
1965
1713
1950
1893
1911
1861
1920
1784
1813
1695
1791
1648
1630
1908
1857
1926
1819
1782
1847
1814
2079
1767
1632
1553
1777
2007
1818
1737
1818
1759
1852
1789
1778
1688
1648
1697
1929
2040
1682
1831
1791
1875
1791
1724
1732
1931
1789
1749
1927
1930
1801
1900
1685
1827
1931
1865
1604
1851
1860
1809
1926
1691
1687
1730
1814
1984
1897
1737
1651
1742
1781
2040
1758
1868
1979
1984
1734
1649
1944
1856
1704
1833
1734
1883
1903
1803
1808
1699
1959
1843
1803
1912
1694
1795
1928
1894
1838
1582
1711
1882
1929
1935
1721
1712
1706
1648
1656
1680
1767
1849
1792
1681
1907
1619
1744
1728
1750
1761
1775
1792
1734
1791
1928
1843
1714
1813
1969
1966
1812
1813
1868
1787
1772
1987
2025
1838
1907
1759
1595
1667
1667
1683
1751
1778
1858
1569
1812
1827
1685
1999
1720
1686
1769
1751
1848
1740
1912
1920
1717
1765
1992
1904
1678
1865
1756
1721
1924
1692
1700
1853
1737
1889
1755
1854
1679
1723
1747
1896
1756
1884
1900
1849
1875
1883
1848
1687
1931
1783
1928
1569
1635
1748
1866
1852
1694
1788
1883
1731
1908
1628
1923
1874
1792
2096
1948
1703
1769
1772
1755
2015
1868
1824
1862
1734
1776
1750
1875
1580
1642
1753
1752
1676
1623
1620
1942
1999
2047
1909
1606
1636
1701
1974
2025
1894
1851
1551
1880
1731
1782
1633
1850
1610
1700
1745
1920
1903
1671
1769
1772
1824
2001
1744
1845
1908
1863
1760
1791
1655
1840
1717
1728
1781
1784
1770
1734
1801
1784
1881
1952
1712
1651
1618
1675
1794
1833
1884
1571
1683
1638
1622
1658
1784
1836
1727
1668
1966
1874
1713
1660
1678
1806
1672
1627
1910
1718
1762
1868
1785
1918
1790
1644
1704
1783
1749
1615
1804
1672
2012
1663
1792
1760
1956
1763
1840
1832
1784
1728
1761
1793
1788
1871
1765
1776
1757
1936
1845
1837
1708
1827
1793
1937
1881
1906
1778
1743
1635
1694
1745
1672
1873
1710
1636
1654
1695
1766
1833
1679
1890
1939
1743
1849
2003
1776
1667
1819
1868
1759
1716
1820
1835
1799
1838
1949
1784
1783
1578
1809
1756
2053
1851
1855
1889
1557
1900
1867
1893
1887
1747
1823
1764
1679
1696
1966
1625
1636
1495
1923
1806
1576
2048
1977
1686
2033
1753
1807
1862
1730
1624
1795
1794
1472
1748
1689
1842
1865
1686
1711
1712
1966
2039
1893
2048
1885
1990
1833
1668
1751
1724
1939
1845
1663
1764
1721
1775
1975
1913
1628
1774
1965
1616
1756
1898
1679
1758
1848
1893
1800
1816
1777
1892
1815
1658
1654
1740
1795
1862
1779
1728
1545
1755
1916
1875
1833
1889
1805
1746
1798
1857
1773
1695
1857
1810
1674
1672
1769
1769
1811
1708
1895
1729
1896
1720
1749
1900
1715
1668
1687
1734
1656
1758
1748
1848
1976
